8 8
10 10
9 9
297 297
454 454
295 295
455 455
296 296
328 328
460 460
162 162
214 214
711 711
762 762
456 456
331 331
538 538
312 312
802 802
203 203
303 303
787 787
411 411
380 380
194 194
735 735
665 665
206 206
763 763
158 158
540 540
557 557
525 525
651 651
174 174
183 183
604 604
532 532
778 778
191 191
707 707
247 247
190 190
709 709
433 433
209 209
377 377
750 750
684 684
218 218
205 205
831 831
594 594
841 841
329 329
350 350
830 830
107 107
167 167
381 381
361 361
301 301
171 171
698 698
471 471
111 111
575 575
35 35
704 704
45 45
437 437
577 577
584 584
116 116
602 602
576 576
236 236
272 272
221 221
846 846
623 623
428 428
188 188
77 77
705 705
554 554
273 273
310 310
278 278
728 728
578 578
522 522
510 510
568 568
469 469
184 184
230 230
268 268
157 157
688 688
473 473
304 304
382 382
243 243
779 779
281 281
37 37
650 650
40 40
593 593
564 564
498 498
624 624
306 306
555 555
220 220
549 549
319 319
265 265
271 271
202 202
84 84
75 75
64 64
263 263
771 771
837 837
747 747
193 193
145 145
113 113
615 615
740 740
291 291
806 806
54 54
244 244
733 733
812 812
186 186
370 370
225 225
840 840
259 259
192 192
345 345
154 154
302 302
535 535
563 563
823 823
404 404
518 518
818 818
316 316
260 260
161 161
523 523
129 129
32 32
269 269
379 379
706 706
105 105
232 232
419 419
653 653
515 515
399 399
659 659
620 620
552 552
599 599
499 499
493 493
811 811
429 429
712 712
131 131
39 39
548 548
228 228
680 680
274 274
250 250
108 108
474 474
744 744
700 700
279 279
561 561
332 332
138 138
405 405
813 813
249 249
372 372
392 392
282 282
551 551
560 560
231 231
102 102
142 142
839 839
285 285
759 759
22 22
238 238
27 27
215 215
780 780
267 267
208 208
276 276
773 773
293 293
74 74
355 355
741 741
760 760
216 216
313 313
539 539
542 542
143 143
562 562
144 144
582 582
38 38
24 24
441 441
365 365
553 553
417 417
418 418
727 727
270 270
19 19
20 20
649 649
151 151
185 185
294 294
317 317
633 633
23 23
755 755
775 775
114 114
25 25
677 677
681 681
609 609
44 44
543 543
425 425
292 292
275 275
28 28
318 318
367 367
836 836
412 412
601 601
816 816
168 168
835 835
482 482
679 679
559 559
466 466
242 242
774 774
558 558
300 300
459 459
817 817
155 155
673 673
736 736
687 687
541 541
175 175
436 436
497 497
21 21
647 647
373 373
634 634
233 233
472 472
352 352
484 484
567 567
299 299
630 630
524 524
449 449
754 754
770 770
130 130
752 752
819 819
845 845
447 447
414 414
579 579
98 98
124 124
648 648
314 314
603 603
213 213
36 36
135 135
189 189
807 807
683 683
354 354
764 764
782 782
580 580
716 716
585 585
223 223
15 15
237 237
235 235
358 358
280 280
47 47
326 326
336 336
550 550
342 342
286 286
251 251
26 26
252 252
446 446
487 487
731 731
547 547
664 664
613 613
765 765
153 153
338 338
197 197
692 692
258 258
480 480
386 386
315 315
163 163
788 788
229 229
421 421
298 298
614 614
394 394
413 413
351 351
485 485
465 465
117 117
434 434
182 182
715 715
622 622
822 822
661 661
99 99
619 619
470 470
408 408
508 508
435 435
804 804
467 467
838 838
511 511
120 120
663 663
743 743
781 781
537 537
148 148
128 128
586 586
786 786
152 152
517 517
115 115
195 195
311 311
631 631
746 746
254 254
41 41
31 31
48 48
121 121
262 262
587 587
212 212
353 353
565 565
625 625
387 387
81 81
445 445
123 123
682 682
91 91
63 63
17 17
169 169
581 581
729 729
462 462
164 164
49 49
669 669
139 139
122 122
801 801
334 334
339 339
491 491
29 29
357 357
69 69
224 224
6 6
534 534
590 590
97 97
100 100
125 125
527 527
7 7
824 824
400 400
264 264
346 346
172 172
374 374
187 187
14 14
432 432
595 595
307 307
662 662
140 140
211 211
407 407
464 464
505 505
676 676
796 796
255 255
598 598
533 533
481 481
644 644
406 406
476 476
657 657
643 643
395 395
384 384
240 240
506 506
360 360
556 556
248 248
253 253
391 391
654 654
378 378
222 222
488 488
420 420
219 219
618 618
842 842
626 626
492 492
832 832
196 196
732 732
573 573
83 83
55 55
103 103
241 241
256 256
368 368
574 574
383 383
375 375
640 640
179 179
790 790
592 592
691 691
536 536
566 566
61 61
734 734
753 753
730 730
137 137
693 693
335 335
463 463
444 444
60 60
528 528
588 588
92 92
520 520
611 611
833 833
674 674
234 234
239 239
101 101
348 348
600 600
127 127
494 494
797 797
403 403
327 327
768 768
591 591
702 702
362 362
442 442
132 132
489 489
16 16
512 512
507 507
424 424
546 546
59 59
721 721
519 519
621 621
690 690
783 783
616 616
321 321
82 82
701 701
376 376
800 800
359 359
226 226
725 725
112 112
347 347
726 726
583 583
699 699
821 821
330 330
72 72
479 479
758 758
126 126
180 180
147 147
639 639
385 385
4 4
94 94
738 738
401 401
2 2
402 402
713 713
629 629
627 627
628 628
390 390
531 531
62 62
608 608
430 430
431 431
766 766
18 18
42 42
95 95
96 96
201 201
767 767
57 57
88 88
12 12
737 737
369 369
815 815
678 678
13 13
545 545
207 207
79 79
570 570
834 834
478 478
156 156
287 287
450 450
415 415
530 530
416 416
5 5
53 53
305 305
798 798
3 3
597 597
51 51
46 46
440 440
325 325
134 134
70 70
34 34
477 477
136 136
509 509
500 500
71 71
65 65
165 165
606 606
448 448
544 544
526 526
93 93
289 289
56 56
724 724
637 637
689 689
178 178
341 341
495 495
638 638
714 714
814 814
177 177
257 257
612 612
646 646
761 761
389 389
371 371
283 283
333 333
344 344
427 427
87 87
52 52
632 632
514 514
739 739
73 73
288 288
486 486
791 791
199 199
645 645
610 610
847 847
652 652
452 452
516 516
409 409
78 78
181 181
245 245
89 89
451 451
176 176
443 443
453 453
513 513
810 810
423 423
363 363
364 364
366 366
397 397
398 398
501 501
502 502
820 820
85 85
86 86
660 660
805 805
825 825
826 826
827 827
828 828
829 829
784 784
785 785
794 794
104 104
166 166
396 396
204 204
793 793
106 106
308 308
309 309
340 340
468 468
703 703
149 149
11 11
133 133
503 503
227 227
141 141
521 521
685 685
118 118
119 119
475 475
675 675
217 217
742 742
607 607
356 356
76 76
290 290
320 320
322 322
323 323
324 324
717 717
718 718
719 719
720 720
722 722
723 723
708 708
710 710
596 596
43 43
571 571
146 146
261 261
410 410
496 496
617 617
655 655
656 656
658 658
803 803
589 589
277 277
284 284
349 349
490 490
756 756
757 757
159 159
160 160
210 210
572 572
769 769
200 200
246 246
795 795
635 635
150 150
636 636
666 666
605 605
772 772
426 426
90 90
789 789
529 529
642 642
388 388
393 393
483 483
80 80
337 337
457 457
569 569
792 792
198 198
266 266
1 1
173 173
438 438
439 439
458 458
461 461
799 799
50 50
694 694
695 695
696 696
697 697
745 745
748 748
749 749
751 751
58 58
110 110
170 170
66 66
67 67
68 68
109 109
843 843
844 844
343 343
30 30
667 667
668 668
670 670
671 671
672 672
776 776
777 777
809 809
33 33
422 422
504 504
808 808
686 686
641 641
