8 105.884681
10 104.242554
9 103.362057
297 97.338749
454 96.904797
295 95.446187
455 95.427851
296 94.918939
328 94.095831
460 94.022141
162 93.874948
214 93.769140
711 93.710909
762 93.494633
456 93.393547
331 93.366190
538 93.072067
312 92.987394
802 92.959018
203 92.845273
303 92.778177
787 92.731858
411 92.721177
380 92.719903
194 92.694877
735 92.641281
665 92.607166
206 92.597535
763 92.589939
158 92.577934
540 92.575774
557 92.545319
525 92.516874
651 92.511658
174 92.503945
183 92.481574
604 92.438129
532 92.419562
778 92.418471
191 92.376876
707 92.336590
247 92.308189
190 92.295857
709 92.273335
433 92.269957
209 92.269048
377 92.269046
750 92.173098
684 92.104790
218 92.094715
205 92.076577
831 92.065127
594 92.059836
841 91.988652
329 91.987975
350 91.984218
830 91.976086
107 91.967546
167 91.949324
381 91.947468
361 91.934110
301 91.911683
171 91.900695
698 91.896760
471 91.890565
111 91.885548
575 91.885126
35 91.880611
704 91.855917
45 91.823609
437 91.800644
577 91.789173
584 91.783318
116 91.776123
602 91.772085
576 91.765566
236 91.757714
272 91.746827
221 91.727764
846 91.709867
623 91.705043
428 91.700376
188 91.695051
77 91.674937
705 91.673765
554 91.658328
273 91.628193
310 91.608432
278 91.607593
728 91.598274
578 91.576877
522 91.575374
510 91.569990
568 91.557695
469 91.543646
184 91.528190
230 91.516069
268 91.513423
157 91.479740
688 91.478476
473 91.477706
304 91.458224
382 91.441077
243 91.437316
779 91.420562
281 91.414257
37 91.367205
650 91.345403
40 91.344869
593 91.336086
564 91.330861
498 91.327884
624 91.318773
306 91.293204
555 91.291533
220 91.291531
549 91.260957
319 91.252241
265 91.248977
271 91.220933
202 91.214620
84 91.214172
75 91.189812
64 91.176570
263 91.170631
771 91.165627
837 91.162351
747 91.161794
193 91.112335
145 91.109291
113 91.099631
615 91.096586
740 91.073860
291 91.060652
806 91.020087
54 91.008206
244 90.998826
733 90.991301
812 90.984073
186 90.983119
370 90.982085
225 90.980698
840 90.970696
259 90.967141
192 90.965867
345 90.963234
154 90.956242
302 90.934847
535 90.922998
563 90.920827
823 90.912487
404 90.897801
518 90.894902
818 90.884539
316 90.871676
260 90.837584
161 90.821108
523 90.806466
129 90.790622
32 90.789837
269 90.789329
379 90.759260
706 90.733199
105 90.731420
232 90.729265
419 90.729089
653 90.725878
515 90.717050
399 90.706700
659 90.694461
620 90.653828
552 90.636679
599 90.629513
499 90.627320
493 90.608520
811 90.606053
429 90.596397
712 90.580985
131 90.559161
39 90.552662
548 90.540557
228 90.505603
680 90.502152
274 90.488418
250 90.471384
108 90.468469
474 90.459842
744 90.450293
700 90.446923
279 90.445296
561 90.440237
332 90.432727
138 90.420792
405 90.413359
813 90.401454
249 90.399061
372 90.385813
392 90.374886
282 90.363278
551 90.348129
560 90.330660
231 90.327784
102 90.292485
142 90.267774
839 90.264234
285 90.242508
759 90.233144
22 90.231597
238 90.220865
27 90.213370
215 90.194780
780 90.154028
267 90.150760
208 90.136910
276 90.133808
773 90.104808
293 90.088311
74 90.087080
355 90.074244
741 90.073223
760 90.069524
216 90.062002
313 90.059823
539 90.057666
542 90.010395
143 89.982475
562 89.941738
144 89.920143
582 89.915576
38 89.910543
24 89.908376
441 89.903949
365 89.882587
553 89.877721
417 89.874746
418 89.846715
727 89.846261
270 89.829822
19 89.828299
20 89.798486
649 89.787148
151 89.772187
185 89.771599
294 89.754180
317 89.751170
633 89.737943
23 89.733430
755 89.719843
775 89.708409
114 89.695377
25 89.687309
677 89.686174
681 89.679168
609 89.676136
44 89.673683
543 89.669070
425 89.659764
292 89.655975
275 89.643257
28 89.641036
318 89.617121
367 89.602490
836 89.587410
412 89.571032
601 89.567078
816 89.551331
168 89.549147
835 89.536251
482 89.532598
679 89.517072
559 89.514003
466 89.510487
242 89.508804
774 89.499824
558 89.494230
300 89.471076
459 89.469584
817 89.469276
155 89.456519
673 89.446270
736 89.437339
687 89.404507
541 89.403195
175 89.395430
436 89.378677
497 89.344833
21 89.329925
647 89.320546
373 89.319937
634 89.311060
233 89.297877
472 89.289870
352 89.285430
484 89.282316
567 89.279953
299 89.275757
630 89.255356
524 89.255178
449 89.252554
754 89.231130
770 89.215656
130 89.209830
752 89.208883
819 89.188441
845 89.185530
447 89.169638
414 89.163679
579 89.160285
98 89.159533
124 89.146683
648 89.139618
314 89.125035
603 89.120033
213 89.105876
36 89.104952
135 89.098764
189 89.098503
807 89.095997
683 89.088804
354 89.074942
764 89.073946
782 89.070558
580 89.070118
716 89.063450
585 89.061509
223 89.049124
15 89.047823
237 89.044945
235 89.041416
358 89.038778
280 89.014308
47 89.013996
326 89.001408
336 89.000762
550 89.000474
342 88.997183
286 88.991808
251 88.988297
26 88.983421
252 88.982139
446 88.978583
487 88.974794
731 88.973975
547 88.972771
664 88.934716
613 88.930828
765 88.928229
153 88.926117
338 88.919656
197 88.907401
692 88.886810
258 88.885591
480 88.870524
386 88.870211
315 88.851348
163 88.806352
788 88.797447
229 88.789443
421 88.788449
298 88.772371
614 88.766930
394 88.757953
413 88.749755
351 88.748464
485 88.742979
465 88.732613
117 88.727173
434 88.706470
182 88.705895
715 88.676243
622 88.676129
822 88.670021
661 88.667395
99 88.665406
619 88.654254
470 88.639210
408 88.633729
508 88.628753
435 88.617030
804 88.588890
467 88.584126
838 88.582365
511 88.579106
120 88.576946
663 88.566332
743 88.562692
781 88.554573
537 88.546567
148 88.535121
128 88.533918
586 88.531222
786 88.530655
152 88.505508
517 88.497241
115 88.494647
195 88.492796
311 88.488360
631 88.484392
746 88.483637
254 88.478663
41 88.466369
31 88.460873
48 88.456268
121 88.451703
262 88.444580
587 88.410470
212 88.410228
353 88.408800
565 88.379137
625 88.373145
387 88.370474
81 88.361804
445 88.361380
123 88.354984
682 88.332154
91 88.328830
63 88.321956
17 88.307219
169 88.305649
581 88.287351
729 88.273900
462 88.271209
164 88.269027
49 88.255964
669 88.249418
139 88.241602
122 88.203031
801 88.202476
334 88.193858
339 88.186585
491 88.178408
29 88.172494
357 88.152187
69 88.148361
224 88.145224
6 88.139904
534 88.135713
590 88.123167
97 88.119727
100 88.110501
125 88.110407
527 88.100205
7 88.095268
824 88.093958
400 88.084620
264 88.083397
346 88.071909
172 88.028239
374 88.024602
187 88.024602
14 88.000429
432 87.988550
595 87.985340
307 87.966820
662 87.966075
140 87.963432
211 87.959399
407 87.936208
464 87.934950
505 87.932881
676 87.928764
796 87.924837
255 87.916028
598 87.893220
533 87.885937
481 87.883233
644 87.883179
406 87.860753
476 87.856992
657 87.854896
643 87.844990
395 87.835790
384 87.827207
240 87.811034
506 87.809134
360 87.807082
556 87.795394
248 87.793899
253 87.789096
391 87.761115
654 87.726906
378 87.722065
222 87.717211
488 87.714958
420 87.705572
219 87.694940
618 87.692765
842 87.688503
626 87.686867
492 87.673638
832 87.661460
196 87.656811
732 87.624032
573 87.617965
83 87.617824
55 87.597509
103 87.594551
241 87.592398
256 87.591858
368 87.584499
574 87.546566
383 87.542904
375 87.538483
640 87.517985
179 87.517625
790 87.502466
592 87.483853
691 87.464655
536 87.444090
566 87.427185
61 87.379969
734 87.363534
753 87.362980
730 87.358221
137 87.352465
693 87.345546
335 87.344344
463 87.340560
444 87.325922
60 87.270575
528 87.266522
588 87.264228
92 87.248969
520 87.245532
611 87.223072
833 87.212133
674 87.207688
234 87.203116
239 87.200157
101 87.164985
348 87.155828
600 87.151239
127 87.141413
494 87.132153
797 87.129024
403 87.124965
327 87.124672
768 87.117161
591 87.095763
702 87.086388
362 87.072830
442 87.071406
132 87.060102
489 87.032768
16 87.023167
512 87.018817
507 87.009745
424 86.995000
546 86.980924
59 86.949427
721 86.943546
519 86.943025
621 86.928911
690 86.914871
783 86.899948
616 86.899005
321 86.898439
82 86.892950
701 86.889282
376 86.876177
800 86.868776
359 86.862041
226 86.848677
725 86.796074
112 86.788730
347 86.787372
726 86.752894
583 86.708291
699 86.696874
821 86.667721
330 86.635505
72 86.633731
479 86.625331
758 86.596795
126 86.580002
180 86.532219
147 86.527749
639 86.523712
385 86.506856
4 86.486981
94 86.480926
738 86.480763
401 86.480273
2 86.479181
402 86.477922
713 86.476337
629 86.475465
627 86.475465
628 86.475465
390 86.473947
531 86.473627
62 86.471285
608 86.471285
430 86.471277
431 86.471277
766 86.471277
18 86.471277
42 86.471277
95 86.471277
96 86.471277
201 86.471277
767 86.471277
57 86.467607
88 86.449766
12 86.448949
737 86.448939
369 86.442503
815 86.440170
678 86.438322
13 86.437959
545 86.425573
207 86.423560
79 86.421968
570 86.421029
834 86.420426
478 86.420373
156 86.420223
287 86.418298
450 86.418284
415 86.413615
530 86.396750
416 86.329078
5 86.272872
53 86.268982
305 86.264963
798 86.242694
3 86.237355
597 86.236421
51 86.207871
46 86.176222
440 86.153421
325 86.151394
134 86.087664
70 86.003114
34 85.963959
477 85.926989
136 85.907584
509 85.898121
500 85.881864
71 85.848963
65 85.830725
165 85.814776
606 85.809219
448 85.807483
544 85.780908
526 85.770185
93 85.749604
289 85.740601
56 85.720141
724 85.693124
637 85.677988
689 85.658239
178 85.640802
341 85.640458
495 85.627363
638 85.620126
714 85.603863
814 85.512473
177 85.510944
257 85.510944
612 85.510944
646 85.510944
761 85.510944
389 85.503863
371 85.428705
283 85.428174
333 85.427865
344 85.427865
427 85.427574
87 85.427540
52 85.420409
632 85.379872
514 85.378547
739 85.377599
73 85.377537
288 85.377326
486 85.376399
791 85.375231
199 85.365559
645 85.329133
610 85.328638
847 85.326433
652 85.326383
452 85.322523
516 85.322495
409 85.320616
78 85.320135
181 85.320104
245 85.320084
89 85.319431
451 85.319411
176 85.319411
443 85.319186
453 85.319186
513 85.319186
810 85.319185
423 85.309656
363 85.306716
364 85.306716
366 85.306716
397 85.306716
398 85.306716
501 85.306716
502 85.306716
820 85.306716
85 85.306341
86 85.306341
660 85.306341
805 85.306341
825 85.306341
826 85.306341
827 85.306341
828 85.306341
829 85.306341
784 85.306130
785 85.306130
794 85.306059
104 85.305886
166 85.305886
396 85.305840
204 85.305784
793 85.305773
106 85.305549
308 85.305549
309 85.305549
340 85.305549
468 85.305512
703 85.305512
149 85.305496
11 85.305300
133 85.305300
503 85.305262
227 85.305256
141 85.304986
521 85.304951
685 85.304946
118 85.304921
119 85.304921
475 85.304920
675 85.304915
217 85.304631
742 85.304622
607 85.304377
356 85.304350
76 85.304343
290 85.304335
320 85.304134
322 85.304134
323 85.304134
324 85.304134
717 85.304099
718 85.304099
719 85.304099
720 85.304099
722 85.304099
723 85.304099
708 85.304099
710 85.304099
596 85.304066
43 85.304060
571 85.304055
146 85.304052
261 85.303842
410 85.303842
496 85.303842
617 85.303842
655 85.303842
656 85.303842
658 85.303842
803 85.303842
589 85.303798
277 85.303785
284 85.303785
349 85.303785
490 85.303785
756 85.303778
757 85.303778
159 85.303773
160 85.303773
210 85.303771
572 85.303770
769 85.303767
200 85.303766
246 85.303753
795 85.280912
635 85.280728
150 85.279790
636 85.279040
666 85.278142
605 85.277646
772 85.277563
426 85.277145
90 85.258281
789 85.254568
529 85.254393
642 85.254367
388 85.254281
393 85.253516
483 85.253218
80 85.251892
337 85.251636
457 85.251401
569 85.251395
792 85.250962
198 85.244694
266 85.160766
1 85.160056
173 85.160056
438 85.160056
439 85.160056
458 85.160056
461 85.160056
799 85.160056
50 85.156728
694 85.154391
695 85.154391
696 85.154391
697 85.154391
745 85.154316
748 85.154316
749 85.154316
751 85.154316
58 85.146560
110 85.146560
170 85.146560
66 85.146560
67 85.146560
68 85.146560
109 85.146560
843 85.146560
844 85.146560
343 85.143624
30 85.143624
667 85.143006
668 85.143006
670 85.143006
671 85.143006
672 85.143006
776 85.143006
777 85.143006
809 85.140692
33 85.124354
422 85.099595
504 85.099595
808 85.099595
686 85.094345
641 85.094286
