1 1 0 0 0
1 0 1 0 0
1 2 3 0 0
11 7 0 1 0
1 2 3 0 0
16 24 10 0 0
16 28 4 0 0
217 64 1 0 0
174 87 0 0 0
162 108 1 0 0
1 1 0 0 0
1 0 1 0 0
1 0 0 1 0
1 13 2 0 0
1 19 3 1 0
14 9 5 1 0
8 31 5 0 0
1 0 1 0 0
9 38 5 0 0
3 28 2 0 0
1 20 0 0 0
6 39 4 0 0
2 27 2 1 0
11 36 4 0 0
3 29 2 1 0
5 28 2 0 0
2 31 1 0 0
6 29 7 0 0
7 26 4 0 0
1 1 0 0 0
6 27 5 0 0
3 36 1 0 0
1 1 0 0 0
6 11 1 1 0
1 39 0 0 0
5 31 3 0 0
3 39 0 0 0
4 34 2 0 0
9 42 2 0 0
3 39 0 0 0
8 30 4 0 0
1 0 1 0 0
1 1 0 0 0
5 34 4 0 0
2 41 0 0 0
7 11 1 0 0
1 19 0 0 0
2 17 1 0 0
2 17 1 0 0
1 1 0 0 0
9 6 3 0 0
2 0 0 0 0
10 9 3 0 0
2 35 1 0 0
12 19 6 0 0
5 1 1 0 0
1 0 1 0 0
1 1 0 0 0
12 16 5 0 0
14 19 6 0 0
1 9 0 0 0
1 0 1 0 0
7 26 0 1 0
2 37 0 0 0
3 8 0 0 0
1 1 0 0 0
1 1 0 0 0
1 1 0 0 0
1 12 5 0 0
9 6 1 0 0
7 7 0 0 0
12 17 7 1 0
2 0 0 0 0
12 39 0 0 0
1 37 3 0 0
1 1 0 0 0
1 35 0 0 0
1 0 0 0 0
1 0 1 0 0
1 1 0 0 0
1 13 7 0 0
13 19 4 0 0
9 17 12 0 0
2 37 3 0 0
1 1 0 0 0
1 1 0 0 0
2 0 0 0 0
1 0 1 0 0
1 0 0 0 0
1 1 0 0 0
1 14 0 0 0
3 9 11 0 0
5 7 2 1 0
1 0 1 0 0
1 0 1 0 0
1 0 1 0 0
11 19 10 0 0
2 18 11 0 0
22 24 3 0 0
16 27 9 0 0
12 21 4 1 0
6 33 0 0 0
3 14 0 1 0
1 1 0 0 0
2 32 0 0 0
1 1 0 0 0
3 42 0 1 0
4 38 2 0 0
1 1 0 0 0
1 1 0 0 0
3 44 2 0 0
2 8 1 1 0
2 36 1 0 0
7 37 5 0 0
15 22 8 0 0
9 51 1 0 0
25 7 8 0 0
1 1 0 0 0
1 1 0 0 0
3 20 1 1 0
3 18 0 0 0
2 17 1 1 0
2 17 2 0 0
4 31 5 0 0
10 23 7 0 0
2 6 1 1 0
6 18 4 1 0
19 33 4 0 0
7 43 2 0 0
13 4 13 0 0
3 34 2 0 0
8 16 9 0 0
1 1 0 0 0
8 7 1 0 0
23 19 11 0 0
8 8 1 1 0
17 16 5 1 0
8 40 0 1 0
2 16 0 0 0
3 16 2 0 0
1 1 0 0 0
8 41 1 0 0
7 39 5 0 0
17 40 3 0 0
10 47 0 1 0
1 1 0 0 0
9 12 8 0 0
5 23 1 1 0
1 1 0 0 0
1 1 0 0 0
6 32 3 0 0
9 27 7 0 0
1 14 8 0 0
7 43 2 0 0
6 29 2 0 0
1 0 0 1 0
4 41 1 1 0
5 53 0 0 0
1 1 0 0 0
1 1 0 0 0
15 51 1 0 0
7 61 0 0 0
2 20 1 0 0
2 16 4 1 0
5 2 0 0 0
1 1 0 0 0
5 45 2 0 0
10 41 1 0 0
1 15 2 0 0
1 1 0 0 0
8 48 0 0 0
19 16 5 0 0
1 1 0 0 0
4 49 3 0 0
8 39 4 0 0
1 0 0 0 0
1 0 0 0 0
2 0 0 0 0
8 24 5 1 0
10 16 1 1 0
1 0 0 0 0
1 18 1 0 0
16 57 0 0 0
3 41 2 0 0
7 37 2 0 0
4 40 2 0 0
23 21 3 1 0
7 50 1 0 0
17 41 1 1 0
5 52 2 0 0
2 47 2 0 0
4 41 1 0 0
6 45 5 0 0
5 53 0 0 0
31 19 1 1 0
14 26 6 0 0
26 18 8 0 0
3 4 0 0 0
3 3 0 0 0
1 1 0 0 0
1 0 1 0 0
8 48 3 0 0
4 53 0 0 0
1 1 0 0 0
5 49 1 0 0
6 55 0 0 0
1 0 1 0 0
4 34 1 1 0
1 44 2 0 0
1 1 0 0 0
2 14 1 0 0
8 28 2 0 0
7 35 3 0 0
1 54 0 0 0
8 42 5 0 0
11 40 4 0 0
1 1 0 0 0
10 52 0 0 0
12 26 1 0 0
6 45 1 0 0
1 37 0 1 0
1 8 9 0 0
15 35 0 0 0
9 26 4 1 0
7 42 2 0 0
13 20 2 1 0
1 1 0 0 0
6 41 4 0 0
5 27 1 1 0
2 38 0 1 0
8 38 2 0 0
3 36 3 0 0
11 36 2 0 0
5 16 2 0 0
4 25 6 0 0
4 45 2 0 0
6 28 2 1 0
3 33 2 0 0
9 23 1 1 0
1 11 2 0 0
3 13 0 0 0
8 35 2 0 0
4 43 1 0 0
5 42 0 0 0
1 0 0 0 0
1 1 0 0 0
8 49 0 0 0
10 19 10 0 0
2 33 3 0 0
2 31 1 1 0
6 29 7 0 0
6 25 8 0 0
12 20 10 0 0
15 11 12 0 0
27 11 1 0 0
21 12 1 0 0
1 0 0 0 0
1 18 0 1 0
4 37 0 1 0
6 40 3 0 0
1 1 0 0 0
8 27 5 0 0
4 41 1 0 0
12 26 0 1 0
5 43 1 0 0
1 1 0 0 0
7 42 0 0 0
10 51 0 0 0
5 41 2 0 0
4 33 2 0 0
6 44 4 0 0
2 44 1 0 0
11 48 0 0 0
6 43 3 0 0
5 30 3 1 0
2 28 0 0 0
1 1 0 0 0
5 46 1 0 0
4 34 2 0 0
2 23 1 1 0
5 48 0 0 0
2 36 3 0 0
2 0 0 0 0
1 1 0 0 0
9 38 3 0 0
14 33 5 0 0
1 0 1 0 0
2 0 0 0 0
3 1 1 1 0
1 1 0 0 0
14 45 4 0 0
15 41 2 0 0
5 33 3 0 0
3 30 2 0 0
61 70 0 0 0
66 59 0 0 0
46 85 0 0 0
14 38 1 1 0
5 27 2 0 0
13 5 17 0 0
2 45 1 0 0
6 47 0 1 0
3 48 1 0 0
2 40 3 0 0
8 16 3 0 0
9 43 2 0 0
9 26 3 1 0
1 1 0 0 0
1 1 0 0 0
7 45 4 0 0
16 28 5 0 0
4 53 0 0 0
6 37 4 0 0
1 19 3 1 0
3 21 1 0 0
13 47 3 0 0
5 33 3 0 0
16 40 4 0 0
5 43 1 0 0
1 1 0 0 0
1 6 0 0 0
1 1 0 0 0
1 1 0 0 0
1 1 0 0 0
10 2 1 0 0
1 18 0 0 0
7 3 6 1 0
1 53 0 0 0
4 48 2 0 0
2 6 1 0 0
3 54 1 0 0
10 40 3 0 0
2 0 0 0 0
2 15 11 0 0
7 18 2 1 0
1 18 0 0 0
1 1 0 0 0
2 21 0 0 0
2 17 1 1 0
1 1 0 0 0
5 3 0 0 0
21 13 13 0 0
1 1 0 0 0
2 0 0 0 0
3 37 1 1 0
14 29 3 0 0
14 21 3 1 0
6 13 10 0 0
1 1 0 0 0
2 41 3 0 0
7 28 2 1 0
5 26 1 0 0
2 16 4 0 0
8 31 1 1 0
2 27 1 1 0
1 1 0 0 0
20 21 10 0 0
30 15 9 0 0
13 11 7 1 0
20 22 5 1 0
7 50 2 0 0
11 22 1 1 0
1 1 0 0 0
1 1 0 0 0
18 46 4 0 0
1 1 0 0 0
6 30 1 0 0
3 14 2 1 0
1 0 0 1 0
1 33 2 0 0
2 0 0 0 0
2 30 3 0 0
11 40 1 0 0
8 22 9 0 0
9 22 5 1 0
13 8 6 1 0
2 44 2 0 0
25 9 0 0 0
5 38 0 1 0
5 53 1 0 0
9 51 0 0 0
1 36 0 0 0
11 26 1 1 0
3 4 11 1 0
11 3 4 0 0
6 33 0 1 0
17 29 0 0 0
1 1 0 0 0
1 0 0 0 0
1 0 1 0 0
25 11 1 1 0
30 21 10 0 0
1 1 0 0 0
1 19 1 0 0
2 16 0 1 0
1 1 0 0 0
1 1 0 0 0
1 1 0 0 0
5 37 5 0 0
8 27 7 0 0
1 0 1 0 0
1 0 1 0 0
14 20 2 1 0
1 33 2 1 0
5 37 3 0 0
26 14 1 0 1
2 13 7 0 0
2 18 2 0 0
1 0 0 0 0
1 1 0 0 0
2 48 2 0 0
6 33 2 0 0
1 16 0 1 0
3 24 1 0 0
9 11 0 0 0
10 11 0 0 0
3 30 7 0 0
4 33 3 0 0
4 35 2 0 0
15 12 8 0 0
20 19 9 0 0
1 1 0 0 0
1 0 0 0 0
7 22 3 1 0
5 30 2 1 0
1 1 0 0 0
2 0 0 0 0
11 50 0 0 0
7 44 2 0 0
1 0 1 0 0
1 0 1 0 0
9 27 7 0 0
7 52 0 0 0
14 30 5 0 0
20 10 10 0 0
21 36 3 0 0
2 38 0 1 0
1 1 0 0 0
1 1 0 0 0
6 13 2 1 0
1 24 0 0 0
1 7 0 0 0
1 0 0 0 0
18 16 3 1 0
9 27 1 0 0
2 21 0 1 0
2 21 0 0 0
6 9 1 1 0
1 21 0 0 0
1 0 1 0 0
1 0 0 0 0
1 0 0 0 0
1 0 0 0 0
37 101 1 0 0
55 79 3 0 0
57 59 1 0 0
1 1 0 0 0
1 1 0 0 0
5 27 2 1 0
38 68 0 0 0
1 1 0 0 0
3 15 8 0 0
10 20 8 0 0
8 22 10 0 0
1 17 0 0 0
12 41 2 0 0
12 33 1 1 0
1 1 0 0 0
3 42 2 0 0
7 27 2 1 0
9 51 2 0 0
19 36 3 0 0
3 40 0 0 0
5 37 4 0 0
1 1 0 0 0
2 13 0 0 0
4 1 1 1 0
1 0 1 0 0
15 7 0 0 0
20 13 12 0 0
22 16 7 1 0
1 22 0 0 0
1 1 0 0 0
29 9 10 0 0
21 12 14 0 0
2 0 0 0 0
27 25 5 0 0
14 25 5 0 0
18 14 0 1 0
1 1 0 0 0
1 13 0 1 0
2 12 2 0 0
2 33 2 1 0
15 17 0 0 0
2 0 0 0 0
1 1 0 0 0
5 28 1 1 0
2 37 0 0 0
2 33 0 1 0
9 6 1 1 0
1 1 0 0 0
1 1 0 0 0
1 1 0 0 0
1 1 0 0 0
28 18 0 0 0
24 12 2 0 0
20 12 1 0 0
17 33 6 0 0
6 10 0 0 0
4 42 1 0 0
18 34 3 0 0
6 15 0 1 0
1 0 0 0 0
2 0 0 0 0
1 34 0 0 0
1 0 0 0 0
1 15 0 0 0
1 33 2 0 0
19 12 1 0 0
11 20 1 1 0
1 1 0 0 0
3 41 2 0 0
9 45 1 0 0
9 34 1 1 0
5 51 0 0 0
7 4 0 0 0
7 20 14 0 0
15 12 7 0 0
1 1 0 0 0
1 0 0 1 0
1 0 1 0 0
9 54 1 0 0
19 21 9 0 0
18 29 1 1 0
7 39 1 0 0
18 18 6 0 0
1 15 3 0 0
2 50 1 0 0
8 35 6 0 0
2 46 1 0 0
8 37 6 0 0
9 40 3 0 0
13 39 1 0 0
6 2 1 0 0
1 0 1 0 0
17 11 2 0 0
3 26 0 1 0
8 49 1 0 0
12 47 0 0 0
17 34 4 0 0
6 46 1 0 0
3 35 2 0 0
3 29 4 0 0
2 46 1 0 0
7 54 0 0 0
15 25 2 1 0
2 48 3 0 0
1 21 0 0 0
1 23 1 1 0
11 44 4 0 0
11 45 1 0 0
1 28 0 1 0
1 32 3 0 0
4 43 3 0 0
1 16 0 0 0
4 16 0 0 0
8 38 5 0 0
17 57 0 0 0
1 1 0 0 0
8 4 4 0 0
1 1 0 0 0
1 1 0 0 0
9 17 11 0 0
12 18 11 0 0
1 42 1 0 0
21 57 0 0 0
1 39 1 0 0
4 41 0 1 0
1 21 0 0 0
1 21 0 0 0
18 11 12 0 0
10 42 6 0 0
1 5 0 0 0
1 39 1 0 0
7 33 0 1 0
8 27 5 0 0
3 20 4 1 0
4 17 1 1 0
1 1 0 0 0
12 27 0 0 0
17 13 4 1 0
13 17 5 0 0
1 39 1 0 0
19 55 1 0 0
1 12 0 0 0
1 1 0 0 0
12 8 1 0 0
10 31 1 0 0
23 43 1 0 0
16 11 4 2 0
3 31 3 0 0
2 40 0 0 0
9 31 7 0 0
2 47 0 0 0
1 1 0 0 0
6 4 0 0 0
1 1 0 0 0
1 0 1 0 0
1 23 0 1 0
1 1 0 0 0
5 16 4 0 0
1 0 0 0 0
3 21 0 0 0
10 31 3 0 0
3 35 0 1 0
7 19 0 1 0
1 1 0 0 0
1 1 6 1 0
9 32 1 1 0
34 27 5 0 0
10 20 0 1 0
23 21 8 0 0
12 47 0 0 0
5 46 0 0 0
6 30 6 0 0
2 12 0 0 0
1 0 1 0 0
1 0 1 0 0
1 0 1 0 0
16 33 3 0 0
14 31 0 0 0
2 0 0 0 0
1 23 1 0 0
1 21 1 1 0
1 1 0 0 0
1 1 0 0 0
5 9 0 0 0
8 6 0 0 0
7 19 2 1 0
18 11 9 0 0
1 1 0 0 0
1 1 0 0 0
16 25 8 0 0
1 5 11 0 0
1 1 0 0 0
1 0 0 0 0
4 32 4 0 0
7 29 2 1 0
5 30 4 1 0
7 47 0 0 0
16 60 1 0 0
1 1 0 0 0
5 41 3 0 0
13 26 9 0 0
1 1 0 0 0
1 1 0 0 0
2 13 0 0 0
1 1 0 0 0
2 33 2 1 0
1 1 0 0 0
1 16 0 0 0
2 14 1 0 0
1 16 0 0 0
11 28 9 0 0
1 45 1 0 0
1 1 0 0 0
1 1 0 0 0
1 1 0 0 0
1 15 1 1 0
1 1 0 0 0
1 1 0 0 0
1 1 0 0 0
3 32 4 0 0
18 15 3 0 0
1 1 0 0 0
23 14 6 1 0
22 8 13 0 0
1 0 0 1 0
12 36 0 0 0
6 42 1 0 0
6 39 4 0 0
12 31 7 0 0
22 20 11 0 0
2 48 0 0 0
1 1 0 0 0
1 1 0 0 0
9 36 0 1 0
8 48 2 0 0
7 6 0 0 0
15 21 5 1 0
12 25 6 0 0
31 7 9 0 0
9 25 0 1 0
1 1 0 0 0
1 1 0 0 0
1 1 0 0 0
1 1 0 0 0
5 54 1 0 0
12 15 0 0 0
1 29 1 0 0
12 24 4 2 0
14 23 3 1 0
1 1 0 0 0
3 44 0 0 0
2 40 2 0 0
3 39 2 1 0
1 44 2 0 0
1 1 0 0 0
3 48 0 0 0
1 1 0 0 0
2 55 0 0 0
5 38 0 0 0
1 0 1 0 0
6 6 1 0 0
4 23 1 1 0
3 23 1 1 0
1 1 0 0 0
1 1 0 0 0
1 1 0 0 0
1 1 0 0 0
1 6 0 0 0
1 1 0 0 0
1 1 0 0 0
2 5 0 1 0
1 6 1 0 0
1 6 1 0 0
10 41 5 0 0
11 48 1 0 0
4 22 5 0 0
9 11 10 0 0
1 18 0 1 0
4 16 0 0 0
5 41 1 0 0
16 16 6 0 0
3 47 1 0 0
4 30 3 0 0
1 0 1 0 0
1 0 1 0 0
2 0 0 0 0
2 36 1 0 0
2 28 4 0 0
1 1 0 0 0
15 32 1 1 0
2 33 3 0 0
1 1 0 0 0
1 15 0 0 0
3 40 1 0 0
1 1 0 0 0
1 1 0 0 0
3 47 2 0 0
1 1 0 0 0
1 20 0 0 0
12 28 2 1 0
18 43 1 0 0
1 22 0 1 0
1 1 0 0 0
1 1 0 0 0
11 9 5 0 0
8 41 7 0 0
7 44 8 0 0
1 0 0 0 0
3 56 3 0 0
7 55 1 0 0
7 33 7 0 0
11 36 0 1 0
1 0 1 0 0
1 0 1 0 0
1 7 0 0 0
1 1 0 0 0
3 29 2 1 0
1 34 0 0 0
1 1 0 0 0
8 39 0 0 0
10 38 2 0 0
26 22 9 0 0
1 1 0 0 0
1 1 0 0 0
1 40 0 0 0
2 37 1 1 0
3 35 3 0 0
3 22 8 0 0
17 39 5 0 0
14 17 3 1 0
1 1 0 0 0
1 1 0 0 0
4 20 11 0 0
4 55 0 0 0
16 35 6 0 0
1 1 0 0 0
6 11 11 0 0
2 0 0 0 0
1 1 0 0 0
1 1 0 0 0
1 1 0 0 0
1 1 0 0 0
15 29 9 0 0
18 6 0 0 0
11 8 3 1 0
1 1 0 0 0
2 4 7 1 0
9 30 2 1 0
4 50 0 0 0
1 1 0 0 0
7 5 14 0 0
1 1 0 0 0
10 49 3 0 0
17 38 4 0 0
1 1 0 0 0
1 1 0 0 0
1 0 0 0 0
1 28 0 0 0
4 43 3 0 0
3 35 3 0 0
5 10 3 1 0
1 5 4 0 0
1 22 9 0 0
8 35 3 0 0
3 34 4 0 0
2 21 11 0 0
1 1 0 0 0
11 11 5 1 0
2 19 0 1 0
14 44 3 0 0
14 34 3 2 0
1 1 0 0 0
1 1 0 0 0
1 1 0 0 0
1 1 0 0 0
1 1 0 0 0
2 42 1 1 0
3 46 2 0 0
17 18 5 1 0
18 14 1 0 0
1 0 1 0 0
2 25 2 0 0
1 23 0 0 0
1 33 0 0 0
6 27 0 0 0
2 30 0 1 0
2 34 2 0 0
10 51 1 0 0
18 27 3 0 0
1 1 0 0 0
1 1 0 0 0
16 45 3 0 0
2 44 1 0 0
1 1 0 0 0
